7539251
7537882
7537881
7532514
7532512
7526991
7526990
7526989
7526988
7526987
7526986
7526136
7526135
7506721
7506198
7487715
7487707
7487706
7487705
7475869
7453979
7453978
7428003
7395837
7395276
7395254
7386255
7370685
7370682
7370679
7370321
7370319
7370318
7344268
7338963
7325665
7325607
7308858
7308857
7308856
7308854
7308853
7308849
7308832
7308830
7308829
7308828
7308827
7308826
7308825
7308824
7308822
7308821
7308820
7308819
7308815
7308814
7308813
7308812
7308810
7308808
7308807
7308806
7306018
7306015
7306014
7306013
7306012
7306011
7306009
7306006
7306005
7306004
7306002
7306000
7305998
7305997
7305996
7305995
7305994
7305992
7305989
7288505
7288220
7260258
7259781
7242029
7242028
7242027
7242026
7242025
7242024
7242023
7242022
7242021
7242020
7683008
7671960
7663796
7651399
7629842
7629841
7628327
7628324
7626675
7602325
7602324
7602323
7594942
7594941
7571443
7562763
7557900
7557899
4278658
4264074
4263631
4263629
4263620
4263618
4263615
4263406
4263403
4263185
4263182
4263178
4263173
4263166
4263159
4263152
4263147
4263135
4263126
4263119
4263103
4263097
4263089
4263083
4263079
4263074
4263066
4263042
4263034
7869073
7869072
7864528
7864527
7864526
7864524
7864220
7863982
7848447
7840823
7816638
7816620
7816618
7785730
7785729
7772713
7772658
7772657
7772655
7767774
7758537
7758536
7754774
7741386
7732172
7718732
7718731
7718730
7718729
7718728
7718726
7718725
7718724
7718723
7718722
7718721
7718720
7718719
7718718
7718717
7718716
7718715
7718713
7718712
7718711
7718710
7718709
7718708
7718707
7718706
7718705
7718704
7718702
7718701
7718699
7718698
7718697
7718695
7718694
7718692
7715823
7715142
7715141
4263011
4262942
4262930
4254922
4254891
4254816
4254807
4254796
4254682
4246355
4246347
4246326
4228522
4191906
4132398
4126680
4126181
4126136
4126095
4126049
4126019
4125988
4125952
4125933
4125628
4125568
4125541
4125533
4125515
4125502
4125488
4125461
4125421
4125381
4125294
4125239
4125099
4125049
4125010
4124990
4124954
4047819
4047803
4047800
4047796
4047792
4047785
4047783
4047779
4047776
4047773
4047766
4047747
4047736
4047727
4047723
4047712
4047704
4047697
4047690
4044559
4044551
4044547
4044539
4044310
4027659
4027655
4027643
4027629
4027614
4027605
4027580
4027566
4027562
4027542
3994788
3988829
3988815
3981172
3980644
3976902
3976887
3976864
3976357
3976349
3976343
3976335
3976331
3976326
3976313
3976302
3976294
3976285
3976275
3976270
3976261
3976251
3976244
3976211
3976207
3976181
3976179
3976176
3976152
3976150
3976148
3976135
3976130
3976124
3963470
3963455
3938826
3938808
3914974
3914731
3808188
3808167
3808163
3808146
3808141
3808137
3808124
3808105
3808092
3808075
3808067
3808048
3808040
3808007
3807948
3807915
3807901
3807888
3807878
3807765
3807732
3807723
3807712
3807694
3807666
3807541
3806495
