7539251
7537882
7537881
7532514
7532512
7526991
7526990
7526989
7526988
7526987
7526986
7526136
7526135
7506721
7506198
7487715
7487707
7487706
7487705
7475869
7453979
7453978
7428003
7395837
7395276
7395254
7386255
7370685
7370682
7370679
7370321
7370319
7370318
7344268
7338963
7325665
7325607
7308858
7308857
7308856
7308854
7308853
7308849
7308832
7308830
7308829
7308828
7308827
7308826
7308825
7308824
7308822
7308821
7308820
7308819
7308815
7308814
7308813
7308812
7308810
7308808
7308807
7308806
7306018
7306015
7306014
7306013
7306012
7306011
7306009
7306006
7306005
7306004
7306002
7306000
7305998
7305997
7305996
7305995
7305994
7305992
7305989
7288505
7288220
7260258
7259781
7242029
7242028
7242027
7242026
7242025
7242024
7242023
7242022
7242021
7242020
7683008
7671960
7663796
7651399
7629842
7629841
7628327
7628324
7626675
7602325
7602324
7602323
7594942
7594941
7571443
7562763
7557900
7557899
4278658
4264074
4263631
4263629
4263620
4263618
4263615
4263406
4263403
4263185
4263182
4263178
4263173
4263166
4263159
4263152
4263147
4263135
4263126
4263119
4263103
4263097
4263089
4263083
4263079
4263074
4263066
4263042
4263034
