7837050
7837019
7834397
7834396
7834394
7834391
7834390
7834389
7834388
7834386
7783490
7783489
7773171
7751152
7751151
7751150
7751149
7751147
7751146
7751145
7751144
7751142
7751140
7751139
7751136
7751135
7751132
7751131
7751130
7751129
7751128
4278710
4278708
4277005
4277004
4277003
4270629
4270628
4270627
4270626
4270625
4270624
4270623
4270622
4270621
4270620
4270618
4270617
4270616
4270615
4270614
4270613
4270612
4270611
4270610
4254204
4254203
4254202
4254200
4244911
4239853
4235428
4235427
4235426
4232380
4232378
4228602
4198874
4190777
4190719
4188888
4182283
4182282
4182281
4182280
4182279
4161945
4147655
4147654
4130690
4107498
4107497
4107496
4107495
4107494
4090396
4090054
4090053
4090052
4090051
4090050
4090049
4090046
4090045
4090044
4090042
4090041
4090039
4090038
4090037
4089977
4089973
4072814
4072813
4070068
4056617
4056616
4056615
4053597
4050640
4050639
4050638
4050637
4034036
4034035
3998363
3998362
3998361
3998360
3998359
3998358
3998357
3998356
3998354
3998353
3998351
3998349
3993721
3969367
3961334
3961333
3955580
3955579
3945822
3917672
3917671
3917670
3917669
3896071
3896070
3896069
3896068
3896067
3896066
3896065
3896063
3896062
3896061
3896060
3896059
3896058
3896057
3896056
3896055
3896054
3871545
3871544
3871542
3857599
3857598
3857597
3840727
3840726
3833126
3814179
3813949
3813948
3813947
3813946
3813945
3808635
3808634
3808633
3808632
3793227
3784954
3784952
3784951
3759076
3754761
3754760
3747387
3747381
3738600
3735808
3735807
3735806
3735206
3735205
3735204
3735203
3730472
3730471
3730470
3730469
3730468
3730467
3730466
3730463
3730462
3730461
3730460
3730459
3730458
3730457
3730456
3730455
3730454
3715375
3715374
3715373
3715372
3715371
3715370
3715369
3704801
3704800
3704799
3704798
3704797
3698243
3698242
3694529
3694528
3694527
3694526
3694524
3694523
3694522
3694521
3694520
3683986
3683985
3683984
3683983
3683970
3673034
3659482
3659481
3656893
3637615
3637612
3637611
3631105
3631104
3631103
3631102
3631101
3631099
3631098
3631097
3631096
3631095
3631094
3631093
3631092
3631090
3631089
3631088
3631087
3631086
3631085
3596590
3596589
3592884
3592883
3592882
3592880
3592879
3592877
3592876
3592875
3592874
3592873
3592872
3582344
3582343
3582342
3576912
3576911
3576910
3575278
3575277
3569082
3569081
3557229
3548053
3548052
3548050
3548049
3548048
3548047
3548037
3548036
3548035
3543085
3541338
3541337
3541336
3541335
3540582
3540581
3540580
3540579
3540578
3540577
3540576
3540574
3522449
3516331
3516330
3516329
3516328
3516327
3509729
3509728
3509727
3509726
3509725
3509724
3509715
3505968
3489332
3489331
3489330
3489329
3489328
3489327
3489326
3489325
3489324
3489323
3489322
3489321
3489320
3489319
3486435
3485374
3485372
3482756
3482755
3482754
3482753
3482752
3482751
3482750
3482749
3482637
3475850
3472883
3471750
3470646
3470632
3470631
3470630
3470629
3470628
3470626
3470625
3470581
3454527
3454526
3454525
3446436
3446435
3446434
3446433
3442855
3442854
3442853
3425400
3424643
3424642
3424641
3424640
3424639
3424638
3424637
3424634
3424633
3424632
3424631
3424629
3424628
3424627
3424626
3420214
3403890
3399477
3399476
3399419
3395591
3393793
3393792
3380072
3380071
3379608
3379607
3379606
3379254
3379253
3379252
3374302
3374301
3347373
3343274
3343273
3332624
3323699
3307783
3297374
3297153
3297063
3296815
3296629
3296439
3296433
3296431
3296428
3296427
3296426
3296425
3296424
3296423
3296422
3296421
3296420
3296419
3296418
3274941
3244435
3244423
3244422
3244421
3244420
3244419
3244418
3244417
3244415
3244414
3244411
3244410
3244408
3244406
3244405
3126762
3126741
3126740
3126725
3126723
3126722
3126719
3126718
3126717
3126703
3126702
3126701
3126698
3126697
3126696
3126694
3126693
3126692
3126691
3126690
3126689
3126688
3126687
3126686
3126685
3126684
2993408
2993407
2993406
2993405
2993404
2993401
2993400
2993399
2993398
2993397
2993396
2993395
2993394
2993393
2993392
2993391
2993390
2977524
2977523
2977522
2977521
2977520
2977519
2900138
2896107
2896098
2895438
2895437
2895436
2895435
2895434
2895432
2895430
2895412
2895410
2895409
2895397
2895394
2895390
2895384
2895383
2895376
2895375
2895259
2895253
2858188
